3c 03 f0 00  20 14 00 3f  3c 08 80 00  00 63 20 20  20 02 00 01  00 00 08 27  00 20 50 20  20 07 00 03  00 e7 38 27  20 06 7f ff  
00 00 88 20  20 05 02 ab  ac 65 00 00  20 12 00 02  ac 60 00 04  8c 65 00 00  00 a5 28 20  00 a5 28 20  ac 65 00 00  ac 66 00 04  
3c 0d ff ff  8c 65 00 00  00 a5 28 20  00 a5 28 20  ac 65 00 00  8c 65 00 00  00 a8 58 24  21 ad 00 01  11 68 00 15  8c 65 00 00  
20 12 00 18  00 b2 58 24  11 60 00 05  11 72 00 0a  20 12 00 08  11 72 00 0b  ac 89 00 00  08 00 00 15  11 41 00 01  08 00 00 2a  
00 00 50 27  01 4a 50 20  ac 8a 00 00  08 00 00 15  8e 29 02 a0  ac 89 00 00  08 00 00 15  8e 29 02 60  ac 89 00 00  08 00 00 15  
3c 0d ff ff  01 4a 50 20  01 42 50 25  22 31 00 04  02 34 88 24  21 29 00 01  11 21 00 01  08 00 00 3b  21 29 00 05  8c 65 00 00  
00 a5 58 20  01 6b 58 20  ac 6b 00 00  ac 66 00 04  8c 65 00 00  00 a8 58 24  11 68 ff fd  08 00 00 1d  00 00 00 00  00 00 00 00
00 00 00 00  00 00 00 00  00 00 00 00  00 00 00 00  00 00 00 00  00 00 00 00  00 00 00 00  00 00 00 00  00 00 00 00  00 00 00 00  


00 00 00 00  00 00 00 00  00 00 00 00  00 00 00 00  00 00 00 00  00 00 00 00  00 00 00 00  00 00 00 00  
00 00 00 00  00 00 00 00  00 00 00 00  00 00 00 00  00 00 00 00  00 00 00 00  00 00 00 00  00 00 00 00  
00 00 00 00  00 00 00 00  00 00 00 00  00 00 00 00  00 00 00 00  00 00 00 00  00 00 00 00  00 00 00 00  
00 00 00 00  00 00 00 00  00 00 00 00  00 00 00 00  00 00 00 00  00 00 00 00  00 00 00 00  00 00 00 00  
00 00 00 00  00 00 00 00  00 00 00 00  00 00 00 00  00 00 00 00  00 00 00 00  00 00 00 00  00 00 00 00  
00 00 00 00  00 00 00 00  00 00 00 00  00 00 00 00  00 00 00 00  00 00 00 00  00 00 00 00  00 00 00 00  
00 00 00 00  00 00 00 00  00 00 00 00  00 00 00 00  00 00 00 00  00 00 00 00  00 00 00 00  00 00 00 00  
00 00 00 00  00 00 00 00  00 00 00 00  00 00 00 00  00 00 00 00  00 00 00 00  00 00 00 00  00 00 00 00  

f0 00 00 00  00 00 02 AB  80 00 00 00  00 00 00 3F  00 00 00 01  FF FF 00 00  00 00 FF FF  80 00 00 00
00 00 00 00  11 11 11 11  22 22 22 22  33 33 33 33  44 44 44 44  55 55 55 55  66 66 66 66  77 77 77 77  
88 88 88 88  99 99 99 99  aa aa aa aa  bb bb bb bb  cc cc cc cc  dd dd dd dd  ee ee ee ee  ff ff ff ff  
55 7E F7 E0  D7 BD FB D9  D7 DB FD B9  DF CF FC FB  DF CF BF FF  F7 F3 DF FF  FF FF DF 3D  FF FF 9D B9  
FF FF BC FB  DF CF FC FB  DF CF BF FF  D7 DB 9F FF  D7 DB FD B9  D7 BD FB D9  FF FF 07 E0  00 7E 0F FF
03 bd f0 20  03 de f8 20  08 00 23 00
