00 66 63 37 
00 20 00 93
00 00 00 13
00 00 00 13
00 00 00 13
00 00 00 13 
00 e0 81 13 
00 00 00 13
00 00 00 13
00 00 00 13
00 00 00 13 
00 11 24 23 
00 40 e1 93 
00 40 90 93
00 00 00 13
00 00 00 13
00 00 00 13
00 00 00 13 
ff 80 a2 03 
40 10 d0 93
00 00 00 13
00 00 00 13
00 00 00 13
00 00 00 13 
00 20 8c 63 
00 00 00 13
00 00 00 13
00 00 00 13
00 00 00 13
ff f3 03 13
00 20 00 93
00 00 00 13
00 00 00 13
00 00 00 13
00 00 00 13 
fc 12 1a e3 
00 00 00 13 
00 00 00 13 
00 00 00 13 
00 00 00 13 
00 21 03 b3
